# Grid size: 33 x 33
# Format: x y u(x,y)
0.000000 1.000000 0.000000
0.031250 1.000000 0.007811
0.062500 1.000000 0.015610
0.093750 1.000000 0.023386
0.125000 1.000000 0.031128
0.156250 1.000000 0.038826
0.187500 1.000000 0.046467
0.218750 1.000000 0.054041
0.250000 1.000000 0.061538
0.281250 1.000000 0.068949
0.312500 1.000000 0.076263
0.343750 1.000000 0.083472
0.375000 1.000000 0.090566
0.406250 1.000000 0.097538
0.437500 1.000000 0.104380
0.468750 1.000000 0.111085
0.500000 1.000000 0.117647
0.531250 1.000000 0.124059
0.562500 1.000000 0.130317
0.593750 1.000000 0.136415
0.625000 1.000000 0.142349
0.656250 1.000000 0.148115
0.687500 1.000000 0.153712
0.718750 1.000000 0.159135
0.750000 1.000000 0.164384
0.781250 1.000000 0.169456
0.812500 1.000000 0.174350
0.843750 1.000000 0.179067
0.875000 1.000000 0.183607
0.906250 1.000000 0.187968
0.937500 1.000000 0.192154
0.968750 1.000000 0.196164
1.000000 1.000000 0.200000

0.000000 0.968750 0.000000
0.031250 0.968750 0.008060
0.062500 0.968750 0.016108
0.093750 0.968750 0.024132
0.125000 0.968750 0.032120
0.156250 0.968750 0.040059
0.187500 0.968750 0.047939
0.218750 0.968750 0.055748
0.250000 0.968750 0.063475
0.281250 0.968750 0.071110
0.312500 0.968750 0.078642
0.343750 0.968750 0.086062
0.375000 0.968750 0.093361
0.406250 0.968750 0.100530
0.437500 0.968750 0.107561
0.468750 0.968750 0.114447
0.500000 0.968750 0.121182
0.531250 0.968750 0.127758
0.562500 0.968750 0.134170
0.593750 0.968750 0.140414
0.625000 0.968750 0.146485
0.656250 0.968750 0.152379
0.687500 0.968750 0.158094
0.718750 0.968750 0.163627
0.750000 0.968750 0.168976
0.781250 0.968750 0.174139
0.812500 0.968750 0.179116
0.843750 0.968750 0.183907
0.875000 0.968750 0.188512
0.906250 0.968750 0.192931
0.937500 0.968750 0.197165
0.968750 0.968750 0.201217
1.000000 0.968750 0.205087

0.000000 0.937500 0.000000
0.031250 0.937500 0.008322
0.062500 0.937500 0.016631
0.093750 0.937500 0.024915
0.125000 0.937500 0.033159
0.156250 0.937500 0.041353
0.187500 0.937500 0.049483
0.218750 0.937500 0.057537
0.250000 0.937500 0.065504
0.281250 0.937500 0.073373
0.312500 0.937500 0.081133
0.343750 0.937500 0.088774
0.375000 0.937500 0.096286
0.406250 0.937500 0.103660
0.437500 0.937500 0.110888
0.468750 0.937500 0.117962
0.500000 0.937500 0.124874
0.531250 0.937500 0.131620
0.562500 0.937500 0.138192
0.593750 0.937500 0.144586
0.625000 0.937500 0.150798
0.656250 0.937500 0.156823
0.687500 0.937500 0.162659
0.718750 0.937500 0.168303
0.750000 0.937500 0.173753
0.781250 0.937500 0.179009
0.812500 0.937500 0.184069
0.843750 0.937500 0.188933
0.875000 0.937500 0.193603
0.906250 0.937500 0.198078
0.937500 0.937500 0.202360
0.968750 0.937500 0.206451
1.000000 0.937500 0.210353

0.000000 0.906250 0.000000
0.031250 0.906250 0.008597
0.062500 0.906250 0.017180
0.093750 0.906250 0.025736
0.125000 0.906250 0.034250
0.156250 0.906250 0.042710
0.187500 0.906250 0.051102
0.218750 0.906250 0.059413
0.250000 0.906250 0.067632
0.281250 0.906250 0.075746
0.312500 0.906250 0.083743
0.343750 0.906250 0.091614
0.375000 0.906250 0.099348
0.406250 0.906250 0.106936
0.437500 0.906250 0.114368
0.468750 0.906250 0.121637
0.500000 0.906250 0.128735
0.531250 0.906250 0.135655
0.562500 0.906250 0.142393
0.593750 0.906250 0.148941
0.625000 0.906250 0.155297
0.656250 0.906250 0.161456
0.687500 0.906250 0.167415
0.718750 0.906250 0.173172
0.750000 0.906250 0.178725
0.781250 0.906250 0.184074
0.812500 0.906250 0.189217
0.843750 0.906250 0.194155
0.875000 0.906250 0.198888
0.906250 0.906250 0.203418
0.937500 0.906250 0.207746
0.968750 0.906250 0.211875
1.000000 0.906250 0.215806

0.000000 0.875000 0.000000
0.031250 0.875000 0.008886
0.062500 0.875000 0.017757
0.093750 0.875000 0.026598
0.125000 0.875000 0.035396
0.156250 0.875000 0.044135
0.187500 0.875000 0.052802
0.218750 0.875000 0.061382
0.250000 0.875000 0.069864
0.281250 0.875000 0.078234
0.312500 0.875000 0.086481
0.343750 0.875000 0.094592
0.375000 0.875000 0.102558
0.406250 0.875000 0.110367
0.437500 0.875000 0.118012
0.468750 0.875000 0.125483
0.500000 0.875000 0.132773
0.531250 0.875000 0.139875
0.562500 0.875000 0.146782
0.593750 0.875000 0.153490
0.625000 0.875000 0.159993
0.656250 0.875000 0.166289
0.687500 0.875000 0.172374
0.718750 0.875000 0.178246
0.750000 0.875000 0.183903
0.781250 0.875000 0.189345
0.812500 0.875000 0.194570
0.843750 0.875000 0.199581
0.875000 0.875000 0.204377
0.906250 0.875000 0.208960
0.937500 0.875000 0.213332
0.968750 0.875000 0.217496
1.000000 0.875000 0.221453

0.000000 0.843750 0.000000
0.031250 0.843750 0.009189
0.062500 0.843750 0.018363
0.093750 0.843750 0.027505
0.125000 0.843750 0.036600
0.156250 0.843750 0.045632
0.187500 0.843750 0.054587
0.218750 0.843750 0.063451
0.250000 0.843750 0.072209
0.281250 0.843750 0.080847
0.312500 0.843750 0.089354
0.343750 0.843750 0.097716
0.375000 0.843750 0.105923
0.406250 0.843750 0.113964
0.437500 0.843750 0.121830
0.468750 0.843750 0.129511
0.500000 0.843750 0.136999
0.531250 0.843750 0.144288
0.562500 0.843750 0.151371
0.593750 0.843750 0.158242
0.625000 0.843750 0.164898
0.656250 0.843750 0.171333
0.687500 0.843750 0.177546
0.718750 0.843750 0.183534
0.750000 0.843750 0.189296
0.781250 0.843750 0.194831
0.812500 0.843750 0.200139
0.843750 0.843750 0.205221
0.875000 0.843750 0.210079
0.906250 0.843750 0.214713
0.937500 0.843750 0.219126
0.968750 0.843750 0.223322
1.000000 0.843750 0.227303

0.000000 0.812500 0.000000
0.031250 0.812500 0.009509
0.062500 0.812500 0.019001
0.093750 0.812500 0.028459
0.125000 0.812500 0.037866
0.156250 0.812500 0.047207
0.187500 0.812500 0.056465
0.218750 0.812500 0.065625
0.250000 0.812500 0.074672
0.281250 0.812500 0.083592
0.312500 0.812500 0.092371
0.343750 0.812500 0.100996
0.375000 0.812500 0.109455
0.406250 0.812500 0.117737
0.437500 0.812500 0.125833
0.468750 0.812500 0.133732
0.500000 0.812500 0.141426
0.531250 0.812500 0.148908
0.562500 0.812500 0.156172
0.593750 0.812500 0.163211
0.625000 0.812500 0.170022
0.656250 0.812500 0.176600
0.687500 0.812500 0.182943
0.718750 0.812500 0.189049
0.750000 0.812500 0.194916
0.781250 0.812500 0.200545
0.812500 0.812500 0.205935
0.843750 0.812500 0.211087
0.875000 0.812500 0.216004
0.906250 0.812500 0.220687
0.937500 0.812500 0.225139
0.968750 0.812500 0.229363
1.000000 0.812500 0.233364

0.000000 0.781250 0.000000
0.031250 0.781250 0.009845
0.062500 0.781250 0.019672
0.093750 0.781250 0.029463
0.125000 0.781250 0.039200
0.156250 0.781250 0.048865
0.187500 0.781250 0.058442
0.218750 0.781250 0.067913
0.250000 0.781250 0.077264
0.281250 0.781250 0.086478
0.312500 0.781250 0.095542
0.343750 0.781250 0.104441
0.375000 0.781250 0.113164
0.406250 0.781250 0.121698
0.437500 0.781250 0.130032
0.468750 0.781250 0.138158
0.500000 0.781250 0.146065
0.531250 0.781250 0.153747
0.562500 0.781250 0.161197
0.593750 0.781250 0.168410
0.625000 0.781250 0.175379
0.656250 0.781250 0.182103
0.687500 0.781250 0.188578
0.718750 0.781250 0.194803
0.750000 0.781250 0.200776
0.781250 0.781250 0.206497
0.812500 0.781250 0.211968
0.843750 0.781250 0.217189
0.875000 0.781250 0.222163
0.906250 0.781250 0.226891
0.937500 0.781250 0.231379
0.968750 0.781250 0.235628
1.000000 0.781250 0.239644

0.000000 0.750000 0.000000
0.031250 0.750000 0.010200
0.062500 0.750000 0.020380
0.093750 0.750000 0.030521
0.125000 0.750000 0.040605
0.156250 0.750000 0.050611
0.187500 0.750000 0.060523
0.218750 0.750000 0.070322
0.250000 0.750000 0.079992
0.281250 0.750000 0.089515
0.312500 0.750000 0.098878
0.343750 0.750000 0.108064
0.375000 0.750000 0.117062
0.406250 0.750000 0.125858
0.437500 0.750000 0.134441
0.468750 0.750000 0.142802
0.500000 0.750000 0.150931
0.531250 0.750000 0.158819
0.562500 0.750000 0.166461
0.593750 0.750000 0.173851
0.625000 0.750000 0.180983
0.656250 0.750000 0.187855
0.687500 0.750000 0.194464
0.718750 0.750000 0.200808
0.750000 0.750000 0.206887
0.781250 0.750000 0.212701
0.812500 0.750000 0.218251
0.843750 0.750000 0.223538
0.875000 0.750000 0.228566
0.906250 0.750000 0.233338
0.937500 0.750000 0.237857
0.968750 0.750000 0.242127
1.000000 0.750000 0.246154

0.000000 0.718750 0.000000
0.031250 0.718750 0.010574
0.062500 0.718750 0.021127
0.093750 0.718750 0.031638
0.125000 0.718750 0.042087
0.156250 0.718750 0.052453
0.187500 0.718750 0.062718
0.218750 0.718750 0.072861
0.250000 0.718750 0.082866
0.281250 0.718750 0.092714
0.312500 0.718750 0.102389
0.343750 0.718750 0.111877
0.375000 0.718750 0.121162
0.406250 0.718750 0.130232
0.437500 0.718750 0.139074
0.468750 0.718750 0.147679
0.500000 0.718750 0.156036
0.531250 0.718750 0.164138
0.562500 0.718750 0.171978
0.593750 0.718750 0.179549
0.625000 0.718750 0.186848
0.656250 0.718750 0.193871
0.687500 0.718750 0.200615
0.718750 0.718750 0.207079
0.750000 0.718750 0.213264
0.781250 0.718750 0.219169
0.812500 0.718750 0.224796
0.843750 0.718750 0.230148
0.875000 0.718750 0.235227
0.906250 0.718750 0.240037
0.937500 0.718750 0.244583
0.968750 0.718750 0.248870
1.000000 0.718750 0.252902

0.000000 0.687500 0.000000
0.031250 0.687500 0.010969
0.062500 0.687500 0.021915
0.093750 0.687500 0.032817
0.125000 0.687500 0.043651
0.156250 0.687500 0.054397
0.187500 0.687500 0.065034
0.218750 0.687500 0.075540
0.250000 0.687500 0.085897
0.281250 0.687500 0.096086
0.312500 0.687500 0.106090
0.343750 0.687500 0.115892
0.375000 0.687500 0.125478
0.406250 0.687500 0.134833
0.437500 0.687500 0.143945
0.468750 0.687500 0.152803
0.500000 0.687500 0.161398
0.531250 0.687500 0.169720
0.562500 0.687500 0.177763
0.593750 0.687500 0.185521
0.625000 0.687500 0.192990
0.656250 0.687500 0.200165
0.687500 0.687500 0.207046
0.718750 0.687500 0.213631
0.750000 0.687500 0.219920
0.781250 0.687500 0.225915
0.812500 0.687500 0.231617
0.843750 0.687500 0.237030
0.875000 0.687500 0.242156
0.906250 0.687500 0.247001
0.937500 0.687500 0.251569
0.968750 0.687500 0.255866
1.000000 0.687500 0.259898

0.000000 0.656250 0.000000
0.031250 0.656250 0.011387
0.062500 0.656250 0.022749
0.093750 0.656250 0.034063
0.125000 0.656250 0.045305
0.156250 0.656250 0.056451
0.187500 0.656250 0.067480
0.218750 0.656250 0.078368
0.250000 0.656250 0.089096
0.281250 0.656250 0.099644
0.312500 0.656250 0.109992
0.343750 0.656250 0.120125
0.375000 0.656250 0.130025
0.406250 0.656250 0.139678
0.437500 0.656250 0.149071
0.468750 0.656250 0.158193
0.500000 0.656250 0.167033
0.531250 0.656250 0.175582
0.562500 0.656250 0.183834
0.593750 0.656250 0.191783
0.625000 0.656250 0.199425
0.656250 0.656250 0.206755
0.687500 0.656250 0.213774
0.718750 0.656250 0.220479
0.750000 0.656250 0.226872
0.781250 0.656250 0.232954
0.812500 0.656250 0.238728
0.843750 0.656250 0.244198
0.875000 0.656250 0.249368
0.906250 0.656250 0.254242
0.937500 0.656250 0.258827
0.968750 0.656250 0.263128
1.000000 0.656250 0.267154

0.000000 0.625000 0.000000
0.031250 0.625000 0.011829
0.062500 0.625000 0.023631
0.093750 0.625000 0.035382
0.125000 0.625000 0.047054
0.156250 0.625000 0.058624
0.187500 0.625000 0.070066
0.218750 0.625000 0.081358
0.250000 0.625000 0.092477
0.281250 0.625000 0.103401
0.312500 0.625000 0.114112
0.343750 0.625000 0.124590
0.375000 0.625000 0.134819
0.406250 0.625000 0.144783
0.437500 0.625000 0.154469
0.468750 0.625000 0.163864
0.500000 0.625000 0.172958
0.531250 0.625000 0.181742
0.562500 0.625000 0.190210
0.593750 0.625000 0.198354
0.625000 0.625000 0.206171
0.656250 0.625000 0.213658
0.687500 0.625000 0.220815
0.718750 0.625000 0.227640
0.750000 0.625000 0.234135
0.781250 0.625000 0.240302
0.812500 0.625000 0.246144
0.843750 0.625000 0.251667
0.875000 0.625000 0.256874
0.906250 0.625000 0.261772
0.937500 0.625000 0.266367
0.968750 0.625000 0.270667
1.000000 0.625000 0.274678

0.000000 0.593750 0.000000
0.031250 0.593750 0.012297
0.062500 0.593750 0.024566
0.093750 0.593750 0.036778
0.125000 0.593750 0.048907
0.156250 0.593750 0.060924
0.187500 0.593750 0.072804
0.218750 0.593750 0.084521
0.250000 0.593750 0.096052
0.281250 0.593750 0.107373
0.312500 0.593750 0.118464
0.343750 0.593750 0.129305
0.375000 0.593750 0.139879
0.406250 0.593750 0.150168
0.437500 0.593750 0.160158
0.468750 0.593750 0.169837
0.500000 0.593750 0.179194
0.531250 0.593750 0.188221
0.562500 0.593750 0.196908
0.593750 0.593750 0.205252
0.625000 0.593750 0.213248
0.656250 0.593750 0.220893
0.687500 0.593750 0.228187
0.718750 0.593750 0.235131
0.750000 0.593750 0.241726
0.781250 0.593750 0.247974
0.812500 0.593750 0.253881
0.843750 0.593750 0.259451
0.875000 0.593750 0.264691
0.906250 0.593750 0.269606
0.937500 0.593750 0.274204
0.968750 0.593750 0.278494
1.000000 0.593750 0.282483

0.000000 0.562500 0.000000
0.031250 0.562500 0.012794
0.062500 0.562500 0.025557
0.093750 0.562500 0.038259
0.125000 0.562500 0.050871
0.156250 0.562500 0.063362
0.187500 0.562500 0.075704
0.218750 0.562500 0.087871
0.250000 0.562500 0.099836
0.281250 0.562500 0.111576
0.312500 0.562500 0.123067
0.343750 0.562500 0.134289
0.375000 0.562500 0.145223
0.406250 0.562500 0.155851
0.437500 0.562500 0.166159
0.468750 0.562500 0.176133
0.500000 0.562500 0.185763
0.531250 0.562500 0.195038
0.562500 0.562500 0.203952
0.593750 0.562500 0.212499
0.625000 0.562500 0.220675
0.656250 0.562500 0.228480
0.687500 0.562500 0.235912
0.718750 0.562500 0.242972
0.750000 0.562500 0.249663
0.781250 0.562500 0.255989
0.812500 0.562500 0.261955
0.843750 0.562500 0.267567
0.875000 0.562500 0.272831
0.906250 0.562500 0.277756
0.937500 0.562500 0.282350
0.968750 0.562500 0.286621
1.000000 0.562500 0.290579

0.000000 0.531250 0.000000
0.031250 0.531250 0.013321
0.062500 0.531250 0.026610
0.093750 0.531250 0.039832
0.125000 0.531250 0.052955
0.156250 0.531250 0.065948
0.187500 0.531250 0.078780
0.218750 0.531250 0.091423
0.250000 0.531250 0.103847
0.281250 0.531250 0.116028
0.312500 0.531250 0.127940
0.343750 0.531250 0.139562
0.375000 0.531250 0.150874
0.406250 0.531250 0.161857
0.437500 0.531250 0.172495
0.468750 0.531250 0.182775
0.500000 0.531250 0.192685
0.531250 0.531250 0.202217
0.562500 0.531250 0.211362
0.593750 0.531250 0.220117
0.625000 0.531250 0.228476
0.656250 0.531250 0.236440
0.687500 0.531250 0.244008
0.718750 0.531250 0.251182
0.750000 0.531250 0.257966
0.781250 0.531250 0.264365
0.812500 0.531250 0.270384
0.843750 0.531250 0.276030
0.875000 0.531250 0.281312
0.906250 0.531250 0.286238
0.937500 0.531250 0.290818
0.968750 0.531250 0.295061
1.000000 0.531250 0.298978

0.000000 0.500000 0.000000
0.031250 0.500000 0.013882
0.062500 0.500000 0.027728
0.093750 0.500000 0.041503
0.125000 0.500000 0.055170
0.156250 0.500000 0.068696
0.187500 0.500000 0.082047
0.218750 0.500000 0.095193
0.250000 0.500000 0.108103
0.281250 0.500000 0.120748
0.312500 0.500000 0.133104
0.343750 0.500000 0.145147
0.375000 0.500000 0.156854
0.406250 0.500000 0.168207
0.437500 0.500000 0.179189
0.468750 0.500000 0.189787
0.500000 0.500000 0.199988
0.531250 0.500000 0.209783
0.562500 0.500000 0.219165
0.593750 0.500000 0.228130
0.625000 0.500000 0.236673
0.656250 0.500000 0.244796
0.687500 0.500000 0.252498
0.718750 0.500000 0.259783
0.750000 0.500000 0.266656
0.781250 0.500000 0.273121
0.812500 0.500000 0.279186
0.843750 0.500000 0.284859
0.875000 0.500000 0.290149
0.906250 0.500000 0.295067
0.937500 0.500000 0.299622
0.968750 0.500000 0.303827
1.000000 0.500000 0.307692

0.000000 0.468750 0.000000
0.031250 0.468750 0.014479
0.062500 0.468750 0.028919
0.093750 0.468750 0.043281
0.125000 0.468750 0.057526
0.156250 0.468750 0.071618
0.187500 0.468750 0.085521
0.218750 0.468750 0.099199
0.250000 0.468750 0.112622
0.281250 0.468750 0.125759
0.312500 0.468750 0.138583
0.343750 0.468750 0.151066
0.375000 0.468750 0.163189
0.406250 0.468750 0.174929
0.437500 0.468750 0.186270
0.468750 0.468750 0.197196
0.500000 0.468750 0.207697
0.531250 0.468750 0.217763
0.562500 0.468750 0.227387
0.593750 0.468750 0.236564
0.625000 0.468750 0.245293
0.656250 0.468750 0.253573
0.687500 0.468750 0.261407
0.718750 0.468750 0.268798
0.750000 0.468750 0.275753
0.781250 0.468750 0.282277
0.812500 0.468750 0.288380
0.843750 0.468750 0.294070
0.875000 0.468750 0.299359
0.906250 0.468750 0.304258
0.937500 0.468750 0.308778
0.968750 0.468750 0.312932
1.000000 0.468750 0.316734

0.000000 0.437500 0.000000
0.031250 0.437500 0.015116
0.062500 0.437500 0.030188
0.093750 0.437500 0.045176
0.125000 0.437500 0.060037
0.156250 0.437500 0.074731
0.187500 0.437500 0.089218
0.218750 0.437500 0.103462
0.250000 0.437500 0.117429
0.281250 0.437500 0.131085
0.312500 0.437500 0.144401
0.343750 0.437500 0.157349
0.375000 0.437500 0.169906
0.406250 0.437500 0.182051
0.437500 0.437500 0.193764
0.468750 0.437500 0.205033
0.500000 0.437500 0.215843
0.531250 0.437500 0.226186
0.562500 0.437500 0.236056
0.593750 0.437500 0.245448
0.625000 0.437500 0.254361
0.656250 0.437500 0.262797
0.687500 0.437500 0.270759
0.718750 0.437500 0.278251
0.750000 0.437500 0.285280
0.781250 0.437500 0.291855
0.812500 0.437500 0.297986
0.843750 0.437500 0.303684
0.875000 0.437500 0.308960
0.906250 0.437500 0.313827
0.937500 0.437500 0.318299
0.968750 0.437500 0.322390
1.000000 0.437500 0.326115

0.000000 0.406250 0.000000
0.031250 0.406250 0.015795
0.062500 0.406250 0.031543
0.093750 0.406250 0.047198
0.125000 0.406250 0.062715
0.156250 0.406250 0.078049
0.187500 0.406250 0.093159
0.218750 0.406250 0.108004
0.250000 0.406250 0.122546
0.281250 0.406250 0.136751
0.312500 0.406250 0.150587
0.343750 0.406250 0.164024
0.375000 0.406250 0.177037
0.406250 0.406250 0.189604
0.437500 0.406250 0.201706
0.468750 0.406250 0.213327
0.500000 0.406250 0.224456
0.531250 0.406250 0.235083
0.562500 0.406250 0.245202
0.593750 0.406250 0.254811
0.625000 0.406250 0.263908
0.656250 0.406250 0.272497
0.687500 0.406250 0.280580
0.718750 0.406250 0.288166
0.750000 0.406250 0.295262
0.781250 0.406250 0.301878
0.812500 0.406250 0.308026
0.843750 0.406250 0.313719
0.875000 0.406250 0.318969
0.906250 0.406250 0.323792
0.937500 0.406250 0.328202
0.968750 0.406250 0.332216
1.000000 0.406250 0.335848

0.000000 0.375000 0.000000
0.031250 0.375000 0.016521
0.062500 0.375000 0.032991
0.093750 0.375000 0.049359
0.125000 0.375000 0.065575
0.156250 0.375000 0.081593
0.187500 0.375000 0.097365
0.218750 0.375000 0.112848
0.250000 0.375000 0.128002
0.281250 0.375000 0.142787
0.312500 0.375000 0.157172
0.343750 0.375000 0.171123
0.375000 0.375000 0.184614
0.406250 0.375000 0.197623
0.437500 0.375000 0.210129
0.468750 0.375000 0.222116
0.500000 0.375000 0.233572
0.531250 0.375000 0.244489
0.562500 0.375000 0.254861
0.593750 0.375000 0.264686
0.625000 0.375000 0.273965
0.656250 0.375000 0.282701
0.687500 0.375000 0.290901
0.718750 0.375000 0.298572
0.750000 0.375000 0.305724
0.781250 0.375000 0.312370
0.812500 0.375000 0.318523
0.843750 0.375000 0.324196
0.875000 0.375000 0.329407
0.906250 0.375000 0.334170
0.937500 0.375000 0.338502
0.968750 0.375000 0.342422
1.000000 0.375000 0.345946

0.000000 0.343750 0.000000
0.031250 0.343750 0.017298
0.062500 0.343750 0.034540
0.093750 0.343750 0.051671
0.125000 0.343750 0.068636
0.156250 0.343750 0.085382
0.187500 0.343750 0.101861
0.218750 0.343750 0.118023
0.250000 0.343750 0.133825
0.281250 0.343750 0.149226
0.312500 0.343750 0.164190
0.343750 0.343750 0.178683
0.375000 0.343750 0.192676
0.406250 0.343750 0.206145
0.437500 0.343750 0.219071
0.468750 0.343750 0.231435
0.500000 0.343750 0.243228
0.531250 0.343750 0.254440
0.562500 0.343750 0.265067
0.593750 0.343750 0.275108
0.625000 0.343750 0.284565
0.656250 0.343750 0.293443
0.687500 0.343750 0.301751
0.718750 0.343750 0.309497
0.750000 0.343750 0.316694
0.781250 0.343750 0.323356
0.812500 0.343750 0.329499
0.843750 0.343750 0.335138
0.875000 0.343750 0.340292
0.906250 0.343750 0.344978
0.937500 0.343750 0.349215
0.968750 0.343750 0.353024
1.000000 0.343750 0.356422

0.000000 0.312500 0.000000
0.031250 0.312500 0.018132
0.062500 0.312500 0.036201
0.093750 0.312500 0.054149
0.125000 0.312500 0.071914
0.156250 0.312500 0.089440
0.187500 0.312500 0.106672
0.218750 0.312500 0.123558
0.250000 0.312500 0.140050
0.281250 0.312500 0.156103
0.312500 0.312500 0.171679
0.343750 0.312500 0.186742
0.375000 0.312500 0.201262
0.406250 0.312500 0.215213
0.437500 0.312500 0.228573
0.468750 0.312500 0.241328
0.500000 0.312500 0.253465
0.531250 0.312500 0.264977
0.562500 0.312500 0.275860
0.593750 0.312500 0.286114
0.625000 0.312500 0.295744
0.656250 0.312500 0.304757
0.687500 0.312500 0.313162
0.718750 0.312500 0.320971
0.750000 0.312500 0.328199
0.781250 0.312500 0.334862
0.812500 0.312500 0.340978
0.843750 0.312500 0.346565
0.875000 0.312500 0.351644
0.906250 0.312500 0.356235
0.937500 0.312500 0.360358
0.968750 0.312500 0.364035
1.000000 0.312500 0.367288

0.000000 0.281250 0.000000
0.031250 0.281250 0.019027
0.062500 0.281250 0.037985
0.093750 0.281250 0.056809
0.125000 0.281250 0.075433
0.156250 0.281250 0.093793
0.187500 0.281250 0.111830
0.218750 0.281250 0.129488
0.250000 0.281250 0.146713
0.281250 0.281250 0.163459
0.312500 0.281250 0.179682
0.343750 0.281250 0.195346
0.375000 0.281250 0.210417
0.406250 0.281250 0.224870
0.437500 0.281250 0.238683
0.468750 0.281250 0.251840
0.500000 0.281250 0.264328
0.531250 0.281250 0.276143
0.562500 0.281250 0.287281
0.593750 0.281250 0.297746
0.625000 0.281250 0.307542
0.656250 0.281250 0.316679
0.687500 0.281250 0.325169
0.718750 0.281250 0.333027
0.750000 0.281250 0.340270
0.781250 0.281250 0.346916
0.812500 0.281250 0.352986
0.843750 0.281250 0.358502
0.875000 0.281250 0.363485
0.906250 0.281250 0.367959
0.937500 0.281250 0.371947
0.968750 0.281250 0.375472
1.000000 0.281250 0.378558

0.000000 0.250000 0.000000
0.031250 0.250000 0.019989
0.062500 0.250000 0.039904
0.093750 0.250000 0.059670
0.125000 0.250000 0.079215
0.156250 0.250000 0.098470
0.187500 0.250000 0.117369
0.218750 0.250000 0.135850
0.250000 0.250000 0.153856
0.281250 0.250000 0.171337
0.312500 0.250000 0.188245
0.343750 0.250000 0.204542
0.375000 0.250000 0.220192
0.406250 0.250000 0.235169
0.437500 0.250000 0.249450
0.468750 0.250000 0.263019
0.500000 0.250000 0.275866
0.531250 0.250000 0.287986
0.562500 0.250000 0.299378
0.593750 0.250000 0.310046
0.625000 0.250000 0.319999
0.656250 0.250000 0.329248
0.687500 0.250000 0.337809
0.718750 0.250000 0.345699
0.750000 0.250000 0.352937
0.781250 0.250000 0.359546
0.812500 0.250000 0.365549
0.843750 0.250000 0.370971
0.875000 0.250000 0.375835
0.906250 0.250000 0.380169
0.937500 0.250000 0.383998
0.968750 0.250000 0.387348
1.000000 0.250000 0.390244

0.000000 0.218750 0.000000
0.031250 0.218750 0.021027
0.062500 0.218750 0.041971
0.093750 0.218750 0.062751
0.125000 0.218750 0.083287
0.156250 0.218750 0.103502
0.187500 0.218750 0.123325
0.218750 0.218750 0.142687
0.250000 0.218750 0.161526
0.281250 0.218750 0.179787
0.312500 0.218750 0.197421
0.343750 0.218750 0.214384
0.375000 0.218750 0.230641
0.406250 0.218750 0.246164
0.437500 0.218750 0.260929
0.468750 0.218750 0.274921
0.500000 0.218750 0.288132
0.531250 0.218750 0.300557
0.562500 0.218750 0.312198
0.593750 0.218750 0.323062
0.625000 0.218750 0.333160
0.656250 0.218750 0.342507
0.687500 0.218750 0.351120
0.718750 0.218750 0.359022
0.750000 0.218750 0.366234
0.781250 0.218750 0.372783
0.812500 0.218750 0.378695
0.843750 0.218750 0.383997
0.875000 0.218750 0.388717
0.906250 0.218750 0.392885
0.937500 0.218750 0.396528
0.968750 0.218750 0.399677
1.000000 0.218750 0.402358

0.000000 0.187500 0.000000
0.031250 0.187500 0.022148
0.062500 0.187500 0.044204
0.093750 0.187500 0.066077
0.125000 0.187500 0.087680
0.156250 0.187500 0.108928
0.187500 0.187500 0.129742
0.218750 0.187500 0.150046
0.250000 0.187500 0.169775
0.281250 0.187500 0.188866
0.312500 0.187500 0.207267
0.343750 0.187500 0.224933
0.375000 0.187500 0.241826
0.406250 0.187500 0.257916
0.437500 0.187500 0.273181
0.468750 0.187500 0.287606
0.500000 0.187500 0.301184
0.531250 0.187500 0.313912
0.562500 0.187500 0.325796
0.593750 0.187500 0.336845
0.625000 0.187500 0.347073
0.656250 0.187500 0.356499
0.687500 0.187500 0.365145
0.718750 0.187500 0.373034
0.750000 0.187500 0.380196
0.781250 0.187500 0.386658
0.812500 0.187500 0.392450
0.843750 0.187500 0.397604
0.875000 0.187500 0.402152
0.906250 0.187500 0.406125
0.937500 0.187500 0.409555
0.968750 0.187500 0.412473
1.000000 0.187500 0.414911

0.000000 0.156250 0.000000
0.031250 0.156250 0.023360
0.062500 0.156250 0.046618
0.093750 0.156250 0.069673
0.125000 0.156250 0.092428
0.156250 0.156250 0.114789
0.187500 0.156250 0.136667
0.218750 0.156250 0.157983
0.250000 0.156250 0.178661
0.281250 0.156250 0.198635
0.312500 0.156250 0.217850
0.343750 0.156250 0.236256
0.375000 0.156250 0.253814
0.406250 0.156250 0.270494
0.437500 0.156250 0.286273
0.468750 0.156250 0.301139
0.500000 0.156250 0.315085
0.531250 0.156250 0.328113
0.562500 0.156250 0.340230
0.593750 0.156250 0.351449
0.625000 0.156250 0.361789
0.656250 0.156250 0.371272
0.687500 0.156250 0.379925
0.718750 0.156250 0.387776
0.750000 0.156250 0.394857
0.781250 0.156250 0.401202
0.812500 0.156250 0.406844
0.843750 0.156250 0.411818
0.875000 0.156250 0.416161
0.906250 0.156250 0.419907
0.937500 0.156250 0.423092
0.968750 0.156250 0.425750
1.000000 0.156250 0.427915

0.000000 0.125000 0.000000
0.031250 0.125000 0.024675
0.062500 0.125000 0.049236
0.093750 0.125000 0.073571
0.125000 0.125000 0.097570
0.156250 0.125000 0.121132
0.187500 0.125000 0.144157
0.218750 0.125000 0.166556
0.250000 0.125000 0.188250
0.281250 0.125000 0.209165
0.312500 0.125000 0.229241
0.343750 0.125000 0.248426
0.375000 0.125000 0.266680
0.406250 0.125000 0.283972
0.437500 0.125000 0.300280
0.468750 0.125000 0.315592
0.500000 0.125000 0.329906
0.531250 0.125000 0.343225
0.562500 0.125000 0.355561
0.593750 0.125000 0.366933
0.625000 0.125000 0.377361
0.656250 0.125000 0.386876
0.687500 0.125000 0.395506
0.718750 0.125000 0.403287
0.750000 0.125000 0.410255
0.781250 0.125000 0.416448
0.812500 0.125000 0.421905
0.843750 0.125000 0.426665
0.875000 0.125000 0.430767
0.906250 0.125000 0.434252
0.937500 0.125000 0.437157
0.968750 0.125000 0.439521
1.000000 0.125000 0.441379

0.000000 0.093750 0.000000
0.031250 0.093750 0.026104
0.062500 0.093750 0.052080
0.093750 0.093750 0.077803
0.125000 0.093750 0.103151
0.156250 0.093750 0.128010
0.187500 0.093750 0.152272
0.218750 0.093750 0.175837
0.250000 0.093750 0.198617
0.281250 0.093750 0.220534
0.312500 0.093750 0.241523
0.343750 0.093750 0.261529
0.375000 0.093750 0.280509
0.406250 0.093750 0.298434
0.437500 0.093750 0.315282
0.468750 0.093750 0.331044
0.500000 0.093750 0.345721
0.531250 0.093750 0.359320
0.562500 0.093750 0.371858
0.593750 0.093750 0.383359
0.625000 0.093750 0.393849
0.656250 0.093750 0.403363
0.687500 0.093750 0.411938
0.718750 0.093750 0.419612
0.750000 0.093750 0.426429
0.781250 0.093750 0.432431
0.812500 0.093750 0.437663
0.843750 0.093750 0.442168
0.875000 0.093750 0.445991
0.906250 0.093750 0.449176
0.937500 0.093750 0.451763
0.968750 0.093750 0.453796
1.000000 0.093750 0.455313

0.000000 0.062500 0.000000
0.031250 0.062500 0.027660
0.062500 0.062500 0.055176
0.093750 0.062500 0.082409
0.125000 0.062500 0.109222
0.156250 0.062500 0.135487
0.187500 0.062500 0.161083
0.218750 0.062500 0.185903
0.250000 0.062500 0.209847
0.281250 0.062500 0.232833
0.312500 0.062500 0.254788
0.343750 0.062500 0.275657
0.375000 0.062500 0.295395
0.406250 0.062500 0.313972
0.437500 0.062500 0.331370
0.468750 0.062500 0.347582
0.500000 0.062500 0.362613
0.531250 0.062500 0.376476
0.562500 0.062500 0.389194
0.593750 0.062500 0.400795
0.625000 0.062500 0.411314
0.656250 0.062500 0.420791
0.687500 0.062500 0.429269
0.718750 0.062500 0.436795
0.750000 0.062500 0.443418
0.781250 0.062500 0.449185
0.812500 0.062500 0.454147
0.843750 0.062500 0.458354
0.875000 0.062500 0.461854
0.906250 0.062500 0.464696
0.937500 0.062500 0.466925
0.968750 0.062500 0.468587
1.000000 0.062500 0.469725

0.000000 0.031250 0.000000
0.031250 0.031250 0.029359
0.062500 0.031250 0.058557
0.093750 0.031250 0.087435
0.125000 0.031250 0.115841
0.156250 0.031250 0.143632
0.187500 0.031250 0.170673
0.218750 0.031250 0.196843
0.250000 0.031250 0.222036
0.281250 0.031250 0.246161
0.312500 0.031250 0.269140
0.343750 0.031250 0.290916
0.375000 0.031250 0.311442
0.406250 0.031250 0.330689
0.437500 0.031250 0.348643
0.468750 0.031250 0.365302
0.500000 0.031250 0.380673
0.531250 0.031250 0.394778
0.562500 0.031250 0.407646
0.593750 0.031250 0.419313
0.625000 0.031250 0.429820
0.656250 0.031250 0.439217
0.687500 0.031250 0.447553
0.718750 0.031250 0.454883
0.750000 0.031250 0.461261
0.781250 0.031250 0.466744
0.812500 0.031250 0.471387
0.843750 0.031250 0.475247
0.875000 0.031250 0.478376
0.906250 0.031250 0.480828
0.937500 0.031250 0.482654
0.968750 0.031250 0.483902
1.000000 0.031250 0.484619

0.000000 0.000000 0.000000
0.031250 0.000000 0.031220
0.062500 0.000000 0.062257
0.093750 0.000000 0.092933
0.125000 0.000000 0.123077
0.156250 0.000000 0.152526
0.187500 0.000000 0.181132
0.218750 0.000000 0.208760
0.250000 0.000000 0.235294
0.281250 0.000000 0.260633
0.312500 0.000000 0.284698
0.343750 0.000000 0.307424
0.375000 0.000000 0.328767
0.406250 0.000000 0.348701
0.437500 0.000000 0.367213
0.468750 0.000000 0.384307
0.500000 0.000000 0.400000
0.531250 0.000000 0.414318
0.562500 0.000000 0.427300
0.593750 0.000000 0.438989
0.625000 0.000000 0.449438
0.656250 0.000000 0.458703
0.687500 0.000000 0.466844
0.718750 0.000000 0.473921
0.750000 0.000000 0.480000
0.781250 0.000000 0.485143
0.812500 0.000000 0.489412
0.843750 0.000000 0.492869
0.875000 0.000000 0.495575
0.906250 0.000000 0.497587
0.937500 0.000000 0.498960
0.968750 0.000000 0.499748
1.000000 0.000000 0.500000

