# Grid size: 9 x 9
# Format: x y u(x,y)
0.000000 1.000000 0.000000
0.125000 1.000000 0.031128
0.250000 1.000000 0.061538
0.375000 1.000000 0.090566
0.500000 1.000000 0.117647
0.625000 1.000000 0.142349
0.750000 1.000000 0.164384
0.875000 1.000000 0.183607
1.000000 1.000000 0.200000

0.000000 0.875000 0.000000
0.125000 0.875000 0.022821
0.250000 0.875000 0.045533
0.375000 0.875000 0.060706
0.500000 0.875000 0.056793
0.625000 0.875000 0.087329
0.750000 0.875000 0.141738
0.875000 0.875000 0.177759
1.000000 0.875000 0.221453

0.000000 0.750000 0.000000
0.125000 0.750000 0.016228
0.250000 0.750000 0.031789
0.375000 0.750000 0.042967
0.500000 0.750000 0.033957
0.625000 0.750000 0.068663
0.750000 0.750000 0.117724
0.875000 0.750000 0.178664
1.000000 0.750000 0.246154

0.000000 0.625000 0.000000
0.125000 0.625000 0.009172
0.250000 0.625000 0.018318
0.375000 0.625000 0.023696
0.500000 0.625000 0.018624
0.625000 0.625000 0.041230
0.750000 0.625000 0.085146
0.875000 0.625000 0.134651
1.000000 0.625000 0.274678

0.000000 0.500000 0.000000
0.125000 0.500000 0.013022
0.250000 0.500000 0.025127
0.375000 0.500000 0.032391
0.500000 0.500000 0.025596
0.625000 0.500000 0.048932
0.750000 0.500000 0.095967
0.875000 0.500000 0.159858
1.000000 0.500000 0.307692

0.000000 0.375000 0.000000
0.125000 0.375000 0.030105
0.250000 0.375000 0.056733
0.375000 0.375000 0.072985
0.500000 0.375000 0.055985
0.625000 0.375000 0.099036
0.750000 0.375000 0.173496
0.875000 0.375000 0.250742
1.000000 0.375000 0.345946

0.000000 0.250000 0.000000
0.125000 0.250000 0.052868
0.250000 0.250000 0.099398
0.375000 0.250000 0.126306
0.500000 0.250000 0.098687
0.625000 0.250000 0.162497
0.750000 0.250000 0.253343
0.875000 0.250000 0.323161
1.000000 0.250000 0.390244

0.000000 0.125000 0.000000
0.125000 0.125000 0.082779
0.250000 0.125000 0.157671
0.375000 0.125000 0.202314
0.500000 0.125000 0.182595
0.625000 0.125000 0.241685
0.750000 0.125000 0.356450
0.875000 0.125000 0.401237
1.000000 0.125000 0.441379

0.000000 0.000000 0.000000
0.125000 0.000000 0.123077
0.250000 0.000000 0.235294
0.375000 0.000000 0.328767
0.500000 0.000000 0.400000
0.625000 0.000000 0.449438
0.750000 0.000000 0.480000
0.875000 0.000000 0.495575
1.000000 0.000000 0.500000

