# Grid size: 33 x 33
# Format: x y u(x,y)
0.000000 1.000000 0.000000
0.031250 1.000000 0.007811
0.062500 1.000000 0.015610
0.093750 1.000000 0.023386
0.125000 1.000000 0.031128
0.156250 1.000000 0.038826
0.187500 1.000000 0.046467
0.218750 1.000000 0.054041
0.250000 1.000000 0.061538
0.281250 1.000000 0.068949
0.312500 1.000000 0.076263
0.343750 1.000000 0.083472
0.375000 1.000000 0.090566
0.406250 1.000000 0.097538
0.437500 1.000000 0.104380
0.468750 1.000000 0.111085
0.500000 1.000000 0.117647
0.531250 1.000000 0.124059
0.562500 1.000000 0.130317
0.593750 1.000000 0.136415
0.625000 1.000000 0.142349
0.656250 1.000000 0.148115
0.687500 1.000000 0.153712
0.718750 1.000000 0.159135
0.750000 1.000000 0.164384
0.781250 1.000000 0.169456
0.812500 1.000000 0.174350
0.843750 1.000000 0.179067
0.875000 1.000000 0.183607
0.906250 1.000000 0.187968
0.937500 1.000000 0.192154
0.968750 1.000000 0.196164
1.000000 1.000000 0.200000

0.000000 0.968750 0.000000
0.031250 0.968750 0.007917
0.062500 0.968750 0.015793
0.093750 0.968750 0.023583
0.125000 0.968750 0.031243
0.156250 0.968750 0.038723
0.187500 0.968750 0.045971
0.218750 0.968750 0.052926
0.250000 0.968750 0.059516
0.281250 0.968750 0.065654
0.312500 0.968750 0.071223
0.343750 0.968750 0.076050
0.375000 0.968750 0.079854
0.406250 0.968750 0.082104
0.437500 0.968750 0.081666
0.468750 0.968750 0.075773
0.500000 0.968750 0.056702
0.531250 0.968750 0.066922
0.562500 0.968750 0.098139
0.593750 0.968750 0.116818
0.625000 0.968750 0.130266
0.656250 0.968750 0.141084
0.687500 0.968750 0.150325
0.718750 0.968750 0.158470
0.750000 0.968750 0.165768
0.781250 0.968750 0.172363
0.812500 0.968750 0.178349
0.843750 0.968750 0.183799
0.875000 0.968750 0.188775
0.906250 0.968750 0.193334
0.937500 0.968750 0.197532
0.968750 0.968750 0.201430
1.000000 0.968750 0.205087

0.000000 0.937500 0.000000
0.031250 0.937500 0.008066
0.062500 0.937500 0.016061
0.093750 0.937500 0.023910
0.125000 0.937500 0.031536
0.156250 0.937500 0.038854
0.187500 0.937500 0.045769
0.218750 0.937500 0.052175
0.250000 0.937500 0.057945
0.281250 0.937500 0.062928
0.312500 0.937500 0.066923
0.343750 0.937500 0.069653
0.375000 0.937500 0.070697
0.406250 0.937500 0.069357
0.437500 0.937500 0.064407
0.468750 0.937500 0.053640
0.500000 0.937500 0.033386
0.531250 0.937500 0.045489
0.562500 0.937500 0.078498
0.593750 0.937500 0.102455
0.625000 0.937500 0.120812
0.656250 0.937500 0.135629
0.687500 0.937500 0.148033
0.718750 0.937500 0.158653
0.750000 0.937500 0.167857
0.781250 0.937500 0.175878
0.812500 0.937500 0.182884
0.843750 0.937500 0.189006
0.875000 0.937500 0.194361
0.906250 0.937500 0.199059
0.937500 0.937500 0.203212
0.968750 0.937500 0.206937
1.000000 0.937500 0.210353

0.000000 0.906250 0.000000
0.031250 0.906250 0.008286
0.062500 0.906250 0.016474
0.093750 0.906250 0.024460
0.125000 0.906250 0.032138
0.156250 0.906250 0.039387
0.187500 0.906250 0.046077
0.218750 0.906250 0.052059
0.250000 0.906250 0.057164
0.281250 0.906250 0.061189
0.312500 0.906250 0.063888
0.343750 0.906250 0.064943
0.375000 0.906250 0.063924
0.406250 0.906250 0.060221
0.437500 0.906250 0.052963
0.468750 0.906250 0.040995
0.500000 0.906250 0.023203
0.531250 0.906250 0.036536
0.562500 0.906250 0.067909
0.593750 0.906250 0.093691
0.625000 0.906250 0.114899
0.656250 0.906250 0.132585
0.687500 0.906250 0.147527
0.718750 0.906250 0.160253
0.750000 0.906250 0.171127
0.781250 0.906250 0.180410
0.812500 0.906250 0.188303
0.843750 0.906250 0.194981
0.875000 0.906250 0.200603
0.906250 0.906250 0.205328
0.937500 0.906250 0.209321
0.968750 0.906250 0.212753
1.000000 0.906250 0.215806

0.000000 0.875000 0.000000
0.031250 0.875000 0.008605
0.062500 0.875000 0.017088
0.093750 0.875000 0.025320
0.125000 0.875000 0.033167
0.156250 0.875000 0.040479
0.187500 0.875000 0.047092
0.218750 0.875000 0.052822
0.250000 0.875000 0.057461
0.281250 0.875000 0.060776
0.312500 0.875000 0.062496
0.343750 0.875000 0.062308
0.375000 0.875000 0.059835
0.406250 0.875000 0.054639
0.437500 0.875000 0.046229
0.468750 0.875000 0.034175
0.500000 0.875000 0.018429
0.531250 0.875000 0.032746
0.562500 0.875000 0.062911
0.593750 0.875000 0.089501
0.625000 0.875000 0.112509
0.656250 0.875000 0.132287
0.687500 0.875000 0.149235
0.718750 0.875000 0.163706
0.750000 0.875000 0.175990
0.781250 0.875000 0.186330
0.812500 0.875000 0.194938
0.843750 0.875000 0.202011
0.875000 0.875000 0.207742
0.906250 0.875000 0.212330
0.937500 0.875000 0.215989
0.968750 0.875000 0.218949
1.000000 0.875000 0.221453

0.000000 0.843750 0.000000
0.031250 0.843750 0.009047
0.062500 0.843750 0.017952
0.093750 0.843750 0.026567
0.125000 0.843750 0.034732
0.156250 0.843750 0.042272
0.187500 0.843750 0.048991
0.218750 0.843750 0.054674
0.250000 0.843750 0.059083
0.281250 0.843750 0.061958
0.312500 0.843750 0.063015
0.343750 0.843750 0.061955
0.375000 0.843750 0.058471
0.406250 0.843750 0.052272
0.437500 0.843750 0.043140
0.468750 0.843750 0.031046
0.500000 0.843750 0.016340
0.531250 0.843750 0.031535
0.562500 0.843750 0.061489
0.593750 0.843750 0.088892
0.625000 0.843750 0.113350
0.656250 0.843750 0.134819
0.687500 0.843750 0.153422
0.718750 0.843750 0.169345
0.750000 0.843750 0.182797
0.781250 0.843750 0.193983
0.812500 0.843750 0.203109
0.843750 0.843750 0.210384
0.875000 0.843750 0.216023
0.906250 0.843750 0.220261
0.937500 0.843750 0.223358
0.968750 0.843750 0.225600
1.000000 0.843750 0.227303

0.000000 0.812500 0.000000
0.031250 0.812500 0.009630
0.062500 0.812500 0.019105
0.093750 0.812500 0.028263
0.125000 0.812500 0.036922
0.156250 0.812500 0.044884
0.187500 0.812500 0.051926
0.218750 0.812500 0.057801
0.250000 0.812500 0.062240
0.281250 0.812500 0.064956
0.312500 0.812500 0.065651
0.343750 0.812500 0.064028
0.375000 0.812500 0.059822
0.406250 0.812500 0.052837
0.437500 0.812500 0.043015
0.468750 0.812500 0.030527
0.500000 0.812500 0.015884
0.531250 0.812500 0.031907
0.562500 0.812500 0.062619
0.593750 0.812500 0.091227
0.625000 0.812500 0.117179
0.656250 0.812500 0.140218
0.687500 0.812500 0.160287
0.718750 0.812500 0.177458
0.750000 0.812500 0.191869
0.781250 0.812500 0.203695
0.812500 0.812500 0.213133
0.843750 0.812500 0.220393
0.875000 0.812500 0.225706
0.906250 0.812500 0.229335
0.937500 0.812500 0.231580
0.968750 0.812500 0.232792
1.000000 0.812500 0.233364

0.000000 0.781250 0.000000
0.031250 0.781250 0.010368
0.062500 0.781250 0.020577
0.093750 0.781250 0.030456
0.125000 0.781250 0.039810
0.156250 0.781250 0.048418
0.187500 0.781250 0.056029
0.218750 0.781250 0.062364
0.250000 0.781250 0.067121
0.281250 0.781250 0.069977
0.312500 0.781250 0.070603
0.343750 0.781250 0.068684
0.375000 0.781250 0.063951
0.406250 0.781250 0.056239
0.437500 0.781250 0.045555
0.468750 0.781250 0.032165
0.500000 0.781250 0.016668
0.531250 0.781250 0.033473
0.562500 0.781250 0.065853
0.593750 0.781250 0.096220
0.625000 0.781250 0.123923
0.656250 0.781250 0.148585
0.687500 0.781250 0.170053
0.718750 0.781250 0.188331
0.750000 0.781250 0.203525
0.781250 0.781250 0.215796
0.812500 0.781250 0.225334
0.843750 0.781250 0.232349
0.875000 0.781250 0.237075
0.906250 0.781250 0.239791
0.937500 0.781250 0.240836
0.968750 0.781250 0.240623
1.000000 0.781250 0.239644

0.000000 0.750000 0.000000
0.031250 0.750000 0.011265
0.062500 0.750000 0.022380
0.093750 0.750000 0.033175
0.125000 0.750000 0.043445
0.156250 0.750000 0.052948
0.187500 0.750000 0.061406
0.218750 0.750000 0.068506
0.250000 0.750000 0.073903
0.281250 0.750000 0.077228
0.312500 0.750000 0.078102
0.343750 0.750000 0.076153
0.375000 0.750000 0.071060
0.406250 0.750000 0.062613
0.437500 0.750000 0.050801
0.468750 0.750000 0.035912
0.500000 0.750000 0.018622
0.531250 0.750000 0.036134
0.562500 0.750000 0.071099
0.593750 0.750000 0.103875
0.625000 0.750000 0.133709
0.656250 0.750000 0.160149
0.687500 0.750000 0.183007
0.718750 0.750000 0.202288
0.750000 0.750000 0.218105
0.781250 0.750000 0.230632
0.812500 0.750000 0.240059
0.843750 0.750000 0.246592
0.875000 0.750000 0.250455
0.906250 0.750000 0.251920
0.937500 0.750000 0.251348
0.968750 0.750000 0.249222
1.000000 0.750000 0.246154

0.000000 0.718750 0.000000
0.031250 0.718750 0.012312
0.062500 0.718750 0.024503
0.093750 0.718750 0.036418
0.125000 0.718750 0.047846
0.156250 0.718750 0.058524
0.187500 0.718750 0.068143
0.218750 0.718750 0.076351
0.250000 0.718750 0.082756
0.281250 0.718750 0.086932
0.312500 0.718750 0.088424
0.343750 0.718750 0.086767
0.375000 0.718750 0.081524
0.406250 0.718750 0.072353
0.437500 0.718750 0.059123
0.468750 0.718750 0.042060
0.500000 0.718750 0.021909
0.531250 0.718750 0.039963
0.562500 0.718750 0.078534
0.593750 0.718750 0.114474
0.625000 0.718750 0.146889
0.656250 0.718750 0.175293
0.687500 0.718750 0.199541
0.718750 0.718750 0.219708
0.750000 0.718750 0.235977
0.781250 0.718750 0.248566
0.812500 0.718750 0.257680
0.843750 0.718750 0.263507
0.875000 0.718750 0.266232
0.906250 0.718750 0.266086
0.937500 0.718750 0.263415
0.968750 0.718750 0.258761
1.000000 0.718750 0.252902

0.000000 0.687500 0.000000
0.031250 0.687500 0.013479
0.062500 0.687500 0.026904
0.093750 0.687500 0.040148
0.125000 0.687500 0.052996
0.156250 0.687500 0.065160
0.187500 0.687500 0.076292
0.218750 0.687500 0.085998
0.250000 0.687500 0.093838
0.281250 0.687500 0.099319
0.312500 0.687500 0.101895
0.343750 0.687500 0.100968
0.375000 0.687500 0.095915
0.406250 0.687500 0.086154
0.437500 0.687500 0.071277
0.468750 0.687500 0.051295
0.500000 0.687500 0.026953
0.531250 0.687500 0.045183
0.562500 0.687500 0.088600
0.593750 0.687500 0.128598
0.625000 0.687500 0.164080
0.656250 0.687500 0.194594
0.687500 0.687500 0.220157
0.718750 0.687500 0.241026
0.750000 0.687500 0.257530
0.781250 0.687500 0.269975
0.812500 0.687500 0.278589
0.843750 0.687500 0.283524
0.875000 0.687500 0.284880
0.906250 0.687500 0.282776
0.937500 0.687500 0.277466
0.968750 0.687500 0.269507
1.000000 0.687500 0.259898

0.000000 0.656250 0.000000
0.031250 0.656250 0.014701
0.062500 0.656250 0.029485
0.093750 0.656250 0.044274
0.125000 0.656250 0.058832
0.156250 0.656250 0.072827
0.187500 0.656250 0.085867
0.218750 0.656250 0.097513
0.250000 0.656250 0.107279
0.281250 0.656250 0.114612
0.312500 0.656250 0.118869
0.343750 0.656250 0.119295
0.375000 0.656250 0.115016
0.406250 0.656250 0.105069
0.437500 0.656250 0.088538
0.468750 0.656250 0.064891
0.500000 0.656250 0.034607
0.531250 0.656250 0.052171
0.562500 0.656250 0.102086
0.593750 0.656250 0.147238
0.625000 0.656250 0.186238
0.656250 0.656250 0.218847
0.687500 0.656250 0.245467
0.718750 0.656250 0.266708
0.750000 0.656250 0.283145
0.781250 0.656250 0.295214
0.812500 0.656250 0.303176
0.843750 0.656250 0.307120
0.875000 0.656250 0.306990
0.906250 0.656250 0.302672
0.937500 0.656250 0.294166
0.968750 0.656250 0.281902
1.000000 0.656250 0.267154

0.000000 0.625000 0.000000
0.031250 0.625000 0.015839
0.062500 0.625000 0.032062
0.093750 0.625000 0.048629
0.125000 0.625000 0.065231
0.156250 0.625000 0.081450
0.187500 0.625000 0.096834
0.218750 0.625000 0.110908
0.250000 0.625000 0.123154
0.281250 0.625000 0.132981
0.312500 0.625000 0.139673
0.343750 0.625000 0.142327
0.375000 0.625000 0.139784
0.406250 0.625000 0.130568
0.437500 0.625000 0.112916
0.468750 0.625000 0.085122
0.500000 0.625000 0.046585
0.531250 0.625000 0.061413
0.562500 0.625000 0.120337
0.593750 0.625000 0.172029
0.625000 0.625000 0.214787
0.656250 0.625000 0.249090
0.687500 0.625000 0.276157
0.718750 0.625000 0.297193
0.750000 0.625000 0.313127
0.781250 0.625000 0.324561
0.812500 0.625000 0.331784
0.843750 0.625000 0.334789
0.875000 0.625000 0.333288
0.906250 0.625000 0.326757
0.937500 0.625000 0.314623
0.968750 0.625000 0.296783
1.000000 0.625000 0.274678

0.000000 0.593750 0.000000
0.031250 0.593750 0.016592
0.062500 0.593750 0.034294
0.093750 0.593750 0.052951
0.125000 0.593750 0.072014
0.156250 0.593750 0.090909
0.187500 0.593750 0.109113
0.218750 0.593750 0.126130
0.250000 0.593750 0.141449
0.281250 0.593750 0.154486
0.312500 0.593750 0.164515
0.343750 0.593750 0.170557
0.375000 0.593750 0.171227
0.406250 0.593750 0.164501
0.437500 0.593750 0.147437
0.468750 0.593750 0.116097
0.500000 0.593750 0.066611
0.531250 0.593750 0.073146
0.562500 0.593750 0.145817
0.593750 0.593750 0.205756
0.625000 0.593750 0.251792
0.656250 0.593750 0.286568
0.687500 0.593750 0.312878
0.718750 0.593750 0.332782
0.750000 0.593750 0.347610
0.781250 0.593750 0.358118
0.812500 0.593750 0.364608
0.843750 0.593750 0.366965
0.875000 0.593750 0.364616
0.906250 0.593750 0.356447
0.937500 0.593750 0.340785
0.968750 0.593750 0.315929
1.000000 0.593750 0.282483

0.000000 0.562500 0.000000
0.031250 0.562500 0.016236
0.062500 0.562500 0.035572
0.093750 0.562500 0.056867
0.125000 0.562500 0.078964
0.156250 0.562500 0.101059
0.187500 0.562500 0.122578
0.218750 0.562500 0.143050
0.250000 0.562500 0.162025
0.281250 0.562500 0.179000
0.312500 0.562500 0.193343
0.343750 0.562500 0.204158
0.375000 0.562500 0.210067
0.406250 0.562500 0.208772
0.437500 0.562500 0.196233
0.468750 0.562500 0.165220
0.500000 0.562500 0.103761
0.531250 0.562500 0.085352
0.562500 0.562500 0.184031
0.593750 0.562500 0.253386
0.625000 0.562500 0.300058
0.656250 0.562500 0.332512
0.687500 0.562500 0.356004
0.718750 0.562500 0.373448
0.750000 0.562500 0.386414
0.781250 0.562500 0.395694
0.812500 0.562500 0.401567
0.843750 0.562500 0.403846
0.875000 0.562500 0.401765
0.906250 0.562500 0.393629
0.937500 0.562500 0.376139
0.968750 0.562500 0.343667
1.000000 0.562500 0.290579

0.000000 0.531250 0.000000
0.031250 0.531250 0.012781
0.062500 0.531250 0.034889
0.093750 0.531250 0.059982
0.125000 0.531250 0.085916
0.156250 0.531250 0.111785
0.187500 0.531250 0.137089
0.218750 0.531250 0.161468
0.250000 0.531250 0.184600
0.281250 0.531250 0.206148
0.312500 0.531250 0.225698
0.343750 0.531250 0.242666
0.375000 0.531250 0.256111
0.406250 0.531250 0.264288
0.437500 0.531250 0.263502
0.468750 0.531250 0.244787
0.500000 0.531250 0.183214
0.531250 0.531250 0.084230
0.562500 0.531250 0.251570
0.593750 0.531250 0.323699
0.625000 0.531250 0.362541
0.656250 0.531250 0.387418
0.687500 0.531250 0.405180
0.718750 0.531250 0.418593
0.750000 0.531250 0.428902
0.781250 0.531250 0.436679
0.812500 0.531250 0.442119
0.843750 0.531250 0.445087
0.875000 0.531250 0.444971
0.906250 0.531250 0.440163
0.937500 0.531250 0.426478
0.968750 0.531250 0.392021
1.000000 0.531250 0.298978

0.000000 0.500000 0.000000
0.031250 0.500000 0.007414
0.062500 0.500000 0.018002
0.093750 0.500000 0.039132
0.125000 0.500000 0.063749
0.156250 0.500000 0.089399
0.187500 0.500000 0.115019
0.218750 0.500000 0.140009
0.250000 0.500000 0.163927
0.281250 0.500000 0.186367
0.312500 0.500000 0.206878
0.343750 0.500000 0.224861
0.375000 0.500000 0.239384
0.406250 0.500000 0.248755
0.437500 0.500000 0.249416
0.468750 0.500000 0.232757
0.500000 0.500000 0.174840
0.531250 0.500000 0.041500
0.562500 0.500000 0.109378
0.593750 0.500000 0.269837
0.625000 0.500000 0.338920
0.656250 0.500000 0.376422
0.687500 0.500000 0.400759
0.718750 0.500000 0.418341
0.750000 0.500000 0.431689
0.781250 0.500000 0.441873
0.812500 0.500000 0.449303
0.843750 0.500000 0.453938
0.875000 0.500000 0.455197
0.906250 0.500000 0.451442
0.937500 0.500000 0.438343
0.968750 0.500000 0.403542
1.000000 0.500000 0.307692

0.000000 0.468750 0.000000
0.031250 0.468750 0.011654
0.062500 0.468750 0.025462
0.093750 0.468750 0.043559
0.125000 0.468750 0.064208
0.156250 0.468750 0.085895
0.187500 0.468750 0.107592
0.218750 0.468750 0.128564
0.250000 0.468750 0.148200
0.281250 0.468750 0.165904
0.312500 0.468750 0.180990
0.343750 0.468750 0.192549
0.375000 0.468750 0.199223
0.406250 0.468750 0.198795
0.437500 0.468750 0.187386
0.468750 0.468750 0.158073
0.500000 0.468750 0.099391
0.531250 0.468750 0.056623
0.562500 0.468750 0.126176
0.593750 0.468750 0.216733
0.625000 0.468750 0.282120
0.656250 0.468750 0.327021
0.687500 0.468750 0.358835
0.718750 0.468750 0.382214
0.750000 0.468750 0.399697
0.781250 0.468750 0.412580
0.812500 0.468750 0.421401
0.843750 0.468750 0.426110
0.875000 0.468750 0.425997
0.906250 0.468750 0.419358
0.937500 0.468750 0.402813
0.968750 0.468750 0.370544
1.000000 0.468750 0.316734

0.000000 0.437500 0.000000
0.031250 0.437500 0.013741
0.062500 0.437500 0.028632
0.093750 0.437500 0.045433
0.125000 0.437500 0.063628
0.156250 0.437500 0.082380
0.187500 0.437500 0.100892
0.218750 0.437500 0.118454
0.250000 0.437500 0.134405
0.281250 0.437500 0.148059
0.312500 0.437500 0.158630
0.343750 0.437500 0.165120
0.375000 0.437500 0.166166
0.406250 0.437500 0.159815
0.437500 0.437500 0.143259
0.468750 0.437500 0.112757
0.500000 0.437500 0.064650
0.531250 0.437500 0.058816
0.562500 0.437500 0.121969
0.593750 0.437500 0.188799
0.625000 0.437500 0.245806
0.656250 0.437500 0.290706
0.687500 0.437500 0.325347
0.718750 0.437500 0.351984
0.750000 0.437500 0.372304
0.781250 0.437500 0.387348
0.812500 0.437500 0.397613
0.843750 0.437500 0.403105
0.875000 0.437500 0.403323
0.906250 0.437500 0.397182
0.937500 0.437500 0.383007
0.968750 0.437500 0.359089
1.000000 0.437500 0.326115

0.000000 0.406250 0.000000
0.031250 0.406250 0.014679
0.062500 0.406250 0.029893
0.093750 0.406250 0.045913
0.125000 0.406250 0.062493
0.156250 0.406250 0.079107
0.187500 0.406250 0.095140
0.218750 0.406250 0.109956
0.250000 0.406250 0.122906
0.281250 0.406250 0.133298
0.312500 0.406250 0.140351
0.343750 0.406250 0.143136
0.375000 0.406250 0.140506
0.406250 0.406250 0.131041
0.437500 0.406250 0.113080
0.468750 0.406250 0.085046
0.500000 0.406250 0.046452
0.531250 0.406250 0.056671
0.562500 0.406250 0.114086
0.593750 0.406250 0.170689
0.625000 0.406250 0.221599
0.656250 0.406250 0.264652
0.687500 0.406250 0.299863
0.718750 0.406250 0.328072
0.750000 0.406250 0.350187
0.781250 0.406250 0.366898
0.812500 0.406250 0.378598
0.843750 0.406250 0.385373
0.875000 0.406250 0.387009
0.906250 0.406250 0.383039
0.937500 0.406250 0.372943
0.968750 0.406250 0.356689
1.000000 0.406250 0.335848

0.000000 0.375000 0.000000
0.031250 0.375000 0.015083
0.062500 0.375000 0.030349
0.093750 0.375000 0.045832
0.125000 0.375000 0.061322
0.156250 0.375000 0.076416
0.187500 0.375000 0.090606
0.218750 0.375000 0.103325
0.250000 0.375000 0.113966
0.281250 0.375000 0.121876
0.312500 0.375000 0.126341
0.343750 0.375000 0.126567
0.375000 0.375000 0.121681
0.406250 0.375000 0.110762
0.437500 0.375000 0.092975
0.468750 0.375000 0.067895
0.500000 0.375000 0.036111
0.531250 0.375000 0.053784
0.562500 0.375000 0.107015
0.593750 0.375000 0.158274
0.625000 0.375000 0.205249
0.656250 0.375000 0.246439
0.687500 0.375000 0.281382
0.718750 0.375000 0.310256
0.750000 0.375000 0.333476
0.781250 0.375000 0.351458
0.812500 0.375000 0.364508
0.843750 0.375000 0.372782
0.875000 0.375000 0.376299
0.906250 0.375000 0.375024
0.937500 0.375000 0.369039
0.968750 0.375000 0.358877
1.000000 0.375000 0.345946

0.000000 0.343750 0.000000
0.031250 0.343750 0.015303
0.062500 0.343750 0.030586
0.093750 0.343750 0.045746
0.125000 0.343750 0.060547
0.156250 0.343750 0.074631
0.187500 0.343750 0.087544
0.218750 0.343750 0.098773
0.250000 0.343750 0.107758
0.281250 0.343750 0.113900
0.312500 0.343750 0.116568
0.343750 0.343750 0.115112
0.375000 0.343750 0.108891
0.406250 0.343750 0.097351
0.437500 0.343750 0.080163
0.468750 0.343750 0.057449
0.500000 0.343750 0.030097
0.531250 0.343750 0.051450
0.562500 0.343750 0.101915
0.593750 0.343750 0.150141
0.625000 0.343750 0.194687
0.656250 0.343750 0.234473
0.687500 0.343750 0.268971
0.718750 0.343750 0.298094
0.750000 0.343750 0.322003
0.781250 0.343750 0.340952
0.812500 0.343750 0.355196
0.843750 0.343750 0.364946
0.875000 0.343750 0.370384
0.906250 0.343750 0.371720
0.937500 0.343750 0.369311
0.968750 0.343750 0.363834
1.000000 0.343750 0.356422

0.000000 0.312500 0.000000
0.031250 0.312500 0.015544
0.062500 0.312500 0.030947
0.093750 0.312500 0.046019
0.125000 0.312500 0.060492
0.156250 0.312500 0.074015
0.187500 0.312500 0.086166
0.218750 0.312500 0.096466
0.250000 0.312500 0.104393
0.281250 0.312500 0.109398
0.312500 0.312500 0.110922
0.343750 0.312500 0.108421
0.375000 0.312500 0.101419
0.406250 0.312500 0.089590
0.437500 0.312500 0.072876
0.468750 0.312500 0.051641
0.500000 0.312500 0.026827
0.531250 0.312500 0.050101
0.562500 0.312500 0.099056
0.593750 0.312500 0.145689
0.625000 0.312500 0.188886
0.656250 0.312500 0.227797
0.687500 0.312500 0.261937
0.718750 0.312500 0.291147
0.750000 0.312500 0.315490
0.781250 0.312500 0.335154
0.812500 0.312500 0.350379
0.843750 0.312500 0.361425
0.875000 0.312500 0.368572
0.906250 0.312500 0.372159
0.937500 0.312500 0.372654
0.968750 0.312500 0.370724
1.000000 0.312500 0.367288

0.000000 0.281250 0.000000
0.031250 0.281250 0.015927
0.062500 0.281250 0.031639
0.093750 0.281250 0.046890
0.125000 0.281250 0.061386
0.156250 0.281250 0.074772
0.187500 0.281250 0.086640
0.218750 0.281250 0.096531
0.250000 0.281250 0.103950
0.281250 0.281250 0.108380
0.312500 0.281250 0.109301
0.343750 0.281250 0.106231
0.375000 0.281250 0.098776
0.406250 0.281250 0.086715
0.437500 0.281250 0.070109
0.468750 0.281250 0.049414
0.500000 0.281250 0.025571
0.531250 0.281250 0.049899
0.562500 0.281250 0.098519
0.593750 0.281250 0.144675
0.625000 0.281250 0.187370
0.656250 0.281250 0.225891
0.687500 0.281250 0.259835
0.718750 0.281250 0.289068
0.750000 0.281250 0.313657
0.781250 0.281250 0.333795
0.812500 0.281250 0.349742
0.843750 0.281250 0.361803
0.875000 0.281250 0.370319
0.906250 0.281250 0.375693
0.937500 0.281250 0.378420
0.968750 0.281250 0.379122
1.000000 0.281250 0.378558

0.000000 0.250000 0.000000
0.031250 0.250000 0.016526
0.062500 0.250000 0.032791
0.093750 0.250000 0.048518
0.125000 0.250000 0.063390
0.156250 0.250000 0.077049
0.187500 0.250000 0.089091
0.218750 0.250000 0.099069
0.250000 0.250000 0.106498
0.281250 0.250000 0.110869
0.312500 0.250000 0.111672
0.343750 0.250000 0.108426
0.375000 0.250000 0.100738
0.406250 0.250000 0.088387
0.437500 0.250000 0.071432
0.468750 0.250000 0.050334
0.500000 0.250000 0.026044
0.531250 0.250000 0.050974
0.562500 0.250000 0.100447
0.593750 0.250000 0.147121
0.625000 0.250000 0.190030
0.656250 0.250000 0.228565
0.687500 0.250000 0.262443
0.718750 0.250000 0.291633
0.750000 0.250000 0.316278
0.781250 0.250000 0.336627
0.812500 0.250000 0.352993
0.843750 0.250000 0.365726
0.875000 0.250000 0.375210
0.906250 0.250000 0.381875
0.937500 0.250000 0.386212
0.968750 0.250000 0.388787
1.000000 0.250000 0.390244

0.000000 0.218750 0.000000
0.031250 0.218750 0.017384
0.062500 0.218750 0.034484
0.093750 0.218750 0.051000
0.125000 0.218750 0.066607
0.156250 0.218750 0.080944
0.187500 0.218750 0.093608
0.218750 0.218750 0.104156
0.250000 0.218750 0.112103
0.281250 0.218750 0.116929
0.312500 0.218750 0.118093
0.343750 0.218750 0.115063
0.375000 0.218750 0.107364
0.406250 0.218750 0.094663
0.437500 0.218750 0.076899
0.468750 0.218750 0.054445
0.500000 0.218750 0.028270
0.531250 0.218750 0.053553
0.562500 0.218750 0.105173
0.593750 0.218750 0.153334
0.625000 0.218750 0.197063
0.656250 0.218750 0.235896
0.687500 0.218750 0.269741
0.718750 0.218750 0.298746
0.750000 0.218750 0.323195
0.781250 0.218750 0.343443
0.812500 0.218750 0.359877
0.843750 0.218750 0.372898
0.875000 0.218750 0.382922
0.906250 0.218750 0.390386
0.937500 0.218750 0.395765
0.968750 0.218750 0.399570
1.000000 0.218750 0.402358

0.000000 0.187500 0.000000
0.031250 0.187500 0.018527
0.062500 0.187500 0.036759
0.093750 0.187500 0.054391
0.125000 0.187500 0.071095
0.156250 0.187500 0.086511
0.187500 0.187500 0.100242
0.218750 0.187500 0.111846
0.250000 0.187500 0.120831
0.281250 0.187500 0.126651
0.312500 0.187500 0.128710
0.343750 0.187500 0.126370
0.375000 0.187500 0.118991
0.406250 0.187500 0.106003
0.437500 0.187500 0.087057
0.468750 0.187500 0.062278
0.500000 0.187500 0.032593
0.531250 0.187500 0.058063
0.562500 0.187500 0.113360
0.593750 0.187500 0.163978
0.625000 0.187500 0.208994
0.656250 0.187500 0.248217
0.687500 0.187500 0.281881
0.718750 0.187500 0.310415
0.750000 0.187500 0.334314
0.781250 0.187500 0.354075
0.812500 0.187500 0.370176
0.843750 0.187500 0.383069
0.875000 0.187500 0.393193
0.906250 0.187500 0.400985
0.937500 0.187500 0.406890
0.968750 0.187500 0.411372
1.000000 0.187500 0.414911

0.000000 0.156250 0.000000
0.031250 0.156250 0.019964
0.062500 0.156250 0.039636
0.093750 0.156250 0.058712
0.125000 0.156250 0.076871
0.156250 0.156250 0.093764
0.187500 0.156250 0.109004
0.218750 0.156250 0.122155
0.250000 0.156250 0.132723
0.281250 0.156250 0.140134
0.312500 0.156250 0.143724
0.343750 0.156250 0.142718
0.375000 0.156250 0.136229
0.406250 0.156250 0.123300
0.437500 0.156250 0.103049
0.468750 0.156250 0.075017
0.500000 0.156250 0.039823
0.531250 0.156250 0.065338
0.562500 0.156250 0.126228
0.593750 0.156250 0.180226
0.625000 0.156250 0.226717
0.656250 0.156250 0.266098
0.687500 0.156250 0.299152
0.718750 0.156250 0.326721
0.750000 0.156250 0.349572
0.781250 0.156250 0.368369
0.812500 0.156250 0.383682
0.843750 0.156250 0.396009
0.875000 0.156250 0.405797
0.906250 0.156250 0.413471
0.937500 0.156250 0.419440
0.968750 0.156250 0.424117
1.000000 0.156250 0.427915

0.000000 0.125000 0.000000
0.031250 0.125000 0.021695
0.062500 0.125000 0.043108
0.093750 0.125000 0.063949
0.125000 0.125000 0.083913
0.156250 0.125000 0.102670
0.187500 0.125000 0.119854
0.218750 0.125000 0.135049
0.250000 0.125000 0.147772
0.281250 0.125000 0.157440
0.312500 0.125000 0.163336
0.343750 0.125000 0.164549
0.375000 0.125000 0.159906
0.406250 0.125000 0.147919
0.437500 0.125000 0.126822
0.468750 0.125000 0.094920
0.500000 0.125000 0.051682
0.531250 0.125000 0.077063
0.562500 0.125000 0.145986
0.593750 0.125000 0.203981
0.625000 0.125000 0.251551
0.656250 0.125000 0.290306
0.687500 0.125000 0.321909
0.718750 0.125000 0.347744
0.750000 0.125000 0.368884
0.781250 0.125000 0.386148
0.812500 0.125000 0.400177
0.843750 0.125000 0.411487
0.875000 0.125000 0.420517
0.906250 0.125000 0.427661
0.937500 0.125000 0.433284
0.968750 0.125000 0.437740
1.000000 0.125000 0.441379

0.000000 0.093750 0.000000
0.031250 0.093750 0.023707
0.062500 0.093750 0.047151
0.093750 0.093750 0.070064
0.125000 0.093750 0.092164
0.156250 0.093750 0.113151
0.187500 0.093750 0.132693
0.218750 0.093750 0.150416
0.250000 0.093750 0.165875
0.281250 0.093750 0.178519
0.312500 0.093750 0.187633
0.343750 0.093750 0.192236
0.375000 0.093750 0.190928
0.406250 0.093750 0.181648
0.437500 0.093750 0.161399
0.468750 0.093750 0.126159
0.500000 0.093750 0.071983
0.531250 0.093750 0.096927
0.562500 0.093750 0.176674
0.593750 0.093750 0.238162
0.625000 0.093750 0.285201
0.656250 0.093750 0.321667
0.687500 0.093750 0.350435
0.718750 0.093750 0.373465
0.750000 0.093750 0.392072
0.781250 0.093750 0.407164
0.812500 0.093750 0.419391
0.843750 0.093750 0.429245
0.875000 0.093750 0.437125
0.906250 0.093750 0.443372
0.937500 0.093750 0.448294
0.968750 0.093750 0.452180
1.000000 0.093750 0.455313

0.000000 0.062500 0.000000
0.031250 0.062500 0.025982
0.062500 0.062500 0.051726
0.093750 0.062500 0.076991
0.125000 0.062500 0.101527
0.156250 0.062500 0.125075
0.187500 0.062500 0.147353
0.218750 0.062500 0.168048
0.250000 0.062500 0.186792
0.281250 0.062500 0.203128
0.312500 0.062500 0.216439
0.343750 0.062500 0.225836
0.375000 0.062500 0.229921
0.406250 0.062500 0.226347
0.437500 0.062500 0.210967
0.468750 0.062500 0.176335
0.500000 0.062500 0.110093
0.531250 0.062500 0.133971
0.562500 0.062500 0.225622
0.593750 0.062500 0.286790
0.625000 0.062500 0.329425
0.656250 0.062500 0.360726
0.687500 0.062500 0.384701
0.718750 0.062500 0.403607
0.750000 0.062500 0.418777
0.781250 0.062500 0.431046
0.812500 0.062500 0.440978
0.843750 0.062500 0.448979
0.875000 0.062500 0.455367
0.906250 0.062500 0.460409
0.937500 0.062500 0.464339
0.968750 0.062500 0.467375
1.000000 0.062500 0.469725

0.000000 0.031250 0.000000
0.031250 0.031250 0.028496
0.062500 0.031250 0.056781
0.093750 0.031250 0.084646
0.125000 0.031250 0.111880
0.156250 0.031250 0.138269
0.187500 0.031250 0.163596
0.218750 0.031250 0.187631
0.250000 0.031250 0.210120
0.281250 0.031250 0.230760
0.312500 0.031250 0.249161
0.343750 0.031250 0.264748
0.375000 0.031250 0.276572
0.406250 0.031250 0.282852
0.437500 0.031250 0.279788
0.468750 0.031250 0.258121
0.500000 0.031250 0.192054
0.531250 0.031250 0.213336
0.562500 0.031250 0.305053
0.593750 0.031250 0.353954
0.625000 0.031250 0.384982
0.656250 0.031250 0.407112
0.687500 0.031250 0.424036
0.718750 0.031250 0.437487
0.750000 0.031250 0.448382
0.781250 0.031250 0.457267
0.812500 0.031250 0.464495
0.843750 0.031250 0.470325
0.875000 0.031250 0.474956
0.906250 0.031250 0.478557
0.937500 0.031250 0.481278
0.968750 0.031250 0.483255
1.000000 0.031250 0.484619

0.000000 0.000000 0.000000
0.031250 0.000000 0.031220
0.062500 0.000000 0.062257
0.093750 0.000000 0.092933
0.125000 0.000000 0.123077
0.156250 0.000000 0.152526
0.187500 0.000000 0.181132
0.218750 0.000000 0.208760
0.250000 0.000000 0.235294
0.281250 0.000000 0.260633
0.312500 0.000000 0.284698
0.343750 0.000000 0.307424
0.375000 0.000000 0.328767
0.406250 0.000000 0.348701
0.437500 0.000000 0.367213
0.468750 0.000000 0.384307
0.500000 0.000000 0.400000
0.531250 0.000000 0.414318
0.562500 0.000000 0.427300
0.593750 0.000000 0.438989
0.625000 0.000000 0.449438
0.656250 0.000000 0.458703
0.687500 0.000000 0.466844
0.718750 0.000000 0.473921
0.750000 0.000000 0.480000
0.781250 0.000000 0.485143
0.812500 0.000000 0.489412
0.843750 0.000000 0.492869
0.875000 0.000000 0.495575
0.906250 0.000000 0.497587
0.937500 0.000000 0.498960
0.968750 0.000000 0.499748
1.000000 0.000000 0.500000

